255195
255197
255198
255205
255202
255209
255212
257389
252631
252371
252344
253192
255226
255228
253537
253440
253445
253449
253450
253451
253452
253453
253454
253455
253459
253460
253461
253462
252219
252222
252226
252233
252238
252256
252259
252290
252292
252293
252295
252299
252845
252847
252856
252863
252865
252878
252884
252890
253355
255625
252586
252591
252597
252600
252893
252901
252906
252916
252931
252941
252953
252956
253115
253117
253126
253286
253290
253435
254324
254333
254401
255112
252373
255294
257197
257227
252144
252353
252369
253297
255459
252158
252168
252199
252210
252232
252437
252439
252441
252510
252544
252550
252554
252749
252773
252810
253349
253354
253375
253416
253470
253471
253472
253473
253474
253495
253497
253901
254471
254473
254479
254485
255980
256017
256823
257392
252387
252617
252742
252796
252808
252809
252814
252829
252840
253236
253352
253373
253484
253516
253517
255229
256725
256727
257064
252220
252563
252602
252806
252816
252824
252869
252885
252980
252997
253005
253009
253089
253106
253151
253255
253384
253386
253437
253483
253485
253486
253518
253520
254881
252253
253251
253314
253396
253425
253463
253522
253523
253524
253997
253103
254436
252868
252887
252898
252940
253338
248571
248982
248986
250136
250488
250489
250533
250544
250645
250713
250853
250878
250903
250925
250960
250962
250963
250967
251037
251039
251069
251149
251266
251316
251483
251499
251506
251856
252063
252081
252084
252093
252173
252182
252188
252216
252229
252235
252254
252458
252478
252507
252520
252526
252660
252733
252793
252846
252857
253573
253591
253596
253721
253724
253982
254011
254309
254442
255722
256766
256768
204675
249122
249536
250694
250987
251010
251015
251017
251032
251033
251034
251035
251038
251054
251055
251056
251059
251061
251068
251075
251092
251093
251105
251125
251128
251133
251140
251155
251160
251191
251206
251220
251224
251229
251230
251234
251264
251396
251397
251438
251447
251452
251551
251816
251902
251981
252005
252010
252089
252095
252175
252266
252300
252304
252305
252307
252472
252522
252564
252568
252570
252571
252574
252577
252578
252582
252583
252584
252588
252595
252605
252622
252630
252636
252640
252644
252647
252670
252680
252682
252685
252686
252688
252689
252694
252695
252696
252698
252915
252927
252959
252973
253004
253008
253024
253026
253027
253029
253031
253032
253035
253040
253049
253051
253060
253061
253062
253063
253066
253095
253170
253231
253235
253240
253389
253590
253595
253604
253845
253879
253891
253923
254174
254176
254295
254306
254384
254618
254627
256728
256730
256731
256746
256770
256771
182394
184918
248020
249473
249476
249478
249479
249480
249483
249485
249495
249497
249500
249505
249734
249736
249740
250454
250573
250676
250677
250696
250728
250733
250734
250751
250783
251019
251021
251024
251025
251026
251029
251030
251031
251051
251058
251094
251095
251098
251112
251113
251114
251115
251117
251118
251119
251186
251188
251190
251193
251200
251208
251268
251271
251277
251291
251306
251338
251346
251355
251366
251416
251440
251443
251466
251488
251491
251492
251493
251565
251820
251821
251915
251920
252308
252313
252320
252511
252517
252545
252556
252576
252580
252750
252760
252762
252766
252768
252776
252781
252784
252788
252848
252967
252981
253012
253082
253084
253093
253102
253197
253199
253271
253278
253282
253295
253300
253361
253366
253371
253376
253382
253385
253388
253393
253394
253404
253557
253558
253559
253598
253631
253635
253641
253657
253703
253711
253719
253762
253765
253770
253773
253779
253786
253792
253799
253804
253968
253973
253977
253980
253984
253985
253987
253994
253995
254004
254008
254012
254018
254019
254026
254028
254033
254035
254042
254051
254052
254060
254062
254064
254068
254070
254073
254080
254103
254107
254140
254152
254158
254173
254178
254189
254195
254200
254203
254208
254209
254216
254230
254250
254253
254254
254255
254257
254259
254267
254269
254271
254329
254626
254683
254684
254729
254967
254982
254984
255002
255029
255040
255042
255053
255055
255081
255126
255611
205528
215900
222875
244735
245197
248136
249213
249721
249723
249726
249769
249772
249776
249862
249943
249947
250267
250273
250344
250448
250455
250458
250461
250462
250685
250686
250873
250978
250990
251012
251020
251023
251028
251066
251070
251183
251221
251235
251236
251253
251256
251280
251293
251294
251368
251421
251445
251448
251449
251450
251454
251464
251471
251473
251476
251479
251501
251503
251507
251515
251584
251587
251593
251597
251638
251697
251748
251751
251778
251829
251906
251940
251977
252012
252016
252019
252021
252041
252053
252403
252420
252479
252608
252615
252676
253161
253194
253195
253249
253481
253589
253903
253929
254286
254313
254368
254616
254778
254790
254795
254799
255074
255106
255110
255134
255158
255529
255538
255878
255946
256733
256734
256735
256983
257369
251489
251524
251527
251607
251612
251650
251653
251660
251661
251663
251691
251772
251792
253000
255500
255907
255964
225204
244300
247342
248582
248851
249145
251225
251227
251228
251258
251292
251677
252390
252399
252407
252841
252912
253090
253193
254241
254630
254631
254632
254633
254634
254635
254636
254637
254638
254639
254642
254643
254648
254652
254668
254688
254698
255621
255682
255683
255686
255687
255688
257100
186655
201667
201722
245101
246000
246908
246963
247753
248016
248017
248360
249186
249677
249681
249728
249729
249733
249784
249789
249796
249797
249798
249866
249880
249972
249994
250057
250102
250104
250179
250180
250181
250182
250184
250188
250189
250190
250191
250192
250193
250194
250195
250196
250223
250254
250256
250257
250258
250260
250261
250262
250264
250288
250292
250295
250299
250301
250303
250305
250306
250310
250312
250352
250415
250417
250456
250508
250510
250512
250549
250557
250559
250568
250578
250582
250608
250614
250691
250697
250699
250720
250721
250729
250730
250790
250801
250802
250842
250926
250964
250982
250985
250991
251103
251106
251107
251108
251135
251141
251143
251144
251145
251146
251185
251238
251310
251314
251339
251348
251386
251389
251390
251393
251399
251417
251460
251468
251529
251549
251559
251599
251602
251605
251654
251668
251676
251700
251702
251703
251704
251707
251708
251729
251734
251742
251743
251754
251758
251774
251790
251794
251822
251823
251919
251936
251943
251946
251951
251952
251955
251958
251983
252039
252044
252059
252065
252145
252186
252309
252341
252396
252457
252475
252482
252562
252579
252621
252643
252668
252678
252700
252706
252757
252792
252864
252877
252886
252889
252924
252950
252976
252979
252983
252990
252992
253006
253007
253010
253016
253096
253100
253104
253121
253133
253154
253156
253157
253166
253178
253205
253220
253223
253227
253230
253241
253292
253418
253424
253427
253436
253566
253569
253572
253578
253626
253646
253647
253660
253729
253732
253803
253818
253823
253826
253836
253860
253887
253893
253897
253924
253940
253948
254074
254087
254094
254125
254131
254137
254141
254145
254169
254171
254193
254199
254201
254206
254211
254212
254213
254214
254219
254221
254235
254239
254240
254281
254344
254350
254352
254357
254382
254443
254495
254519
254521
254522
254523
254524
254525
254526
254527
254528
254529
254530
254531
254532
254533
254534
254539
254540
254541
254542
254543
254544
254545
254546
254547
254548
254549
254550
254551
254552
254553
254554
254555
254556
254557
254558
254559
254560
254561
254562
254563
254564
254565
254566
254567
254568
254569
254570
254571
254572
254573
254574
254575
254576
254577
254578
254579
254580
254581
254582
254583
254584
254587
254588
254589
254590
254591
254592
254593
254594
254595
254596
254600
254601
254602
254603
254604
254605
254620
254621
254622
254623
254624
254651
254680
254711
254712
254741
254892
254913
254959
254963
255031
255123
255200
255260
255347
255391
255497
255678
255718
255721
255723
255739
255765
255817
255859
255862
255865
255894
255916
255923
255972
255978
256019
256054
256119
256137
256147
256157
256738
256755
256791
256797
256800
256827
256830
256833
256949
256972
256989
256991
256995
257089
257233
244921
245655
245657
245821
246047
246738
248163
248164
248590
249312
249364
249538
249702
250005
250006
250022
250231
250326
250340
250343
250345
250347
250416
250476
250700
250702
250863
250899
250979
251243
251249
251251
251255
251260
251272
251401
251402
251422
251482
251485
251714
251715
251716
251717
251718
251719
251721
251722
251723
251725
251726
251727
251800
251876
251878
251907
251916
251917
251921
251923
251925
251944
251993
252013
252022
252037
252042
252056
252064
252083
252087
252088
252090
252092
252133
252386
252440
252587
252736
252737
252744
252745
252769
252819
252820
252825
252836
252860
252963
252993
253037
253047
253069
253185
253200
253359
253360
253392
253400
253488
253490
253493
253602
253614
253652
253806
253899
253906
253954
254045
254067
254077
254084
254088
254101
254264
254266
254270
254278
254376
254387
254394
254408
254409
254412
254446
254458
254467
254472
254474
254480
254488
254489
254491
254496
254500
254513
254599
254613
254659
254671
254673
254718
254728
254738
254746
254846
254883
254897
254906
254956
254989
255010
255013
255019
255022
255030
255059
255062
255065
255070
255071
255090
255119
255125
255127
255138
255142
255143
255147
255157
255163
255214
255218
255270
255346
255379
255383
255385
255418
255462
255541
255593
255603
255629
255633
255677
255711
255712
255818
255984
257245
257246
216161
216169
243174
244394
249289
249435
249437
249614
249683
249744
249785
249865
249929
249989
250063
250083
250159
250554
250767
250772
250833
250849
250850
250956
251048
251049
251050
251053
251082
251232
251278
251403
251427
251457
251463
251465
251520
251592
251606
251639
251640
251641
251644
251656
251658
251673
251674
251675
251680
251684
251686
251706
251757
251766
251796
251826
251886
251899
251900
251928
251932
251937
251939
251942
251945
251948
251953
251960
251974
251975
251976
251994
251999
252003
252004
252009
252011
252017
252033
252070
252091
252118
252119
252124
252127
252129
252130
252136
252150
252151
252152
252157
252165
252167
252171
252174
252187
252191
252194
252195
252197
252200
252202
252208
252249
252336
252342
252394
252416
252422
252435
252444
252447
252453
252456
252486
252487
252490
252494
252498
252500
252501
252504
252506
252512
252516
252527
252530
252543
252546
252548
252551
252552
252566
252589
252598
252603
252604
252606
252607
252616
252618
252620
252624
252626
252627
252629
252637
252638
252642
252646
252651
252683
252691
252701
252704
252716
252728
252730
252734
252739
252862
252896
252908
252934
252987
252989
253039
253041
253067
253148
253168
253169
253176
253179
253180
253181
253182
253183
253184
253207
253317
253353
253363
253370
253406
253421
253478
253479
253492
253496
253499
253580
253583
253587
253594
253610
253612
253638
253668
253709
253715
253731
253735
253737
253738
253745
253787
253797
253843
253909
253911
253926
253979
254069
254197
254291
254361
254364
254402
254404
254405
254444
254516
254654
254700
254703
254704
254757
254899
254949
254985
255005
255100
255159
255256
255257
255334
255354
255363
255409
255421
255434
255446
255477
255491
255492
255494
255528
255535
255571
255579
255583
255586
255612
255623
255657
255706
255719
255733
255748
255756
255762
255883
255887
255893
255897
255904
255908
255911
255929
255970
256082
256121
256135
256145
256152
256705
256775
256816
256817
256819
256990
257086
257090
257243
257247
257249
187026
200181
225074
244732
247815
250161
250219
250279
250327
250330
250331
250337
250746
250778
250898
251120
251570
251652
251898
251934
251978
252023
252024
252028
252031
252034
252035
252036
252062
252067
252068
252069
252071
252073
252074
252075
252077
252078
252079
252120
252122
252125
252126
252128
252131
252148
252149
252153
252156
252161
252163
252164
252170
252176
252183
252189
252196
252198
252203
252207
252214
252221
252223
252224
252225
252227
252230
252234
252236
252239
252240
252242
252243
252244
252245
252246
252247
252255
252257
252262
252263
252265
252267
252268
252270
252277
252278
252282
252283
252284
252285
252286
252287
252288
252291
252294
252297
252303
252306
252310
252311
252312
252314
252315
252316
252317
252319
252321
252322
252323
252327
252329
252331
252333
252338
252339
252340
252343
252346
252347
252349
252350
252351
252358
252363
252364
252372
252375
252381
252382
252383
252385
252389
252427
252428
252431
252434
252443
252451
252452
252473
252483
252519
252529
252565
252575
252585
252592
252596
252614
252619
252623
252628
252632
252654
252661
252664
252669
252672
252675
252677
252679
252815
252817
252882
252899
252910
252914
252917
253011
253013
253017
253019
253022
253025
253028
253033
253036
253038
253050
253052
253056
253065
253068
253071
253074
253075
253076
253077
253078
253081
253085
253097
253099
253101
253105
253107
253111
253113
253116
253122
253125
253128
253130
253131
253137
253139
253140
253141
253142
253145
253146
253147
253160
253196
253203
253233
253320
253325
253330
253334
253339
253343
253346
253374
253377
253378
253379
253494
253588
253592
253630
253728
253778
253781
253788
253793
253800
253809
253814
253815
253816
253820
253821
253827
253833
253839
253849
253861
253873
253878
253881
253883
253889
253892
253895
253898
253907
253908
253918
254003
254075
254119
254128
254135
254165
254268
254299
254301
254308
254315
254337
254395
254450
254615
254666
254669
254674
254727
254732
254769
254831
254853
254863
254898
254900
254904
254980
254981
254998
255056
255060
255137
255149
255176
255201
255207
255337
255342
255435
255455
255475
255584
255695
255703
255746
255829
255842
255874
255902
255903
255922
255941
255950
256025
256033
256035
256040
256068
256078
256113
256128
256133
256140
256162
256996
256999
257022
257034
257039
257047
257057
257058
257063
257091
257113
257115
257116
257120
257132
257134
257136
257199
257213
257217
257219
257223
257229
257232
257236
257237
257271
257273
257279
201794
238273
242528
247311
247900
248107
248167
248168
248539
249124
249327
249933
249938
250220
250236
250280
250657
250797
250980
250984
251325
251333
251336
251347
251358
251360
251361
251509
251513
251546
251556
251560
251571
251573
251574
251575
251576
251577
251579
251582
251665
251825
251912
251926
251996
251997
251998
252020
252026
252027
252029
252038
252040
252043
252045
252048
252049
252100
252123
252137
252138
252139
252140
252141
252142
252146
252160
252166
252172
252177
252178
252179
252180
252237
252250
252251
252272
252273
252275
252276
252281
252298
252302
252318
252325
252326
252337
252370
252436
252438
252445
252480
252488
252489
252502
252508
252514
252515
252518
252525
252528
252536
252538
252547
252573
252581
252590
252593
252599
252609
252641
252648
252653
252655
252656
252657
252662
252665
252667
252671
252673
252684
252687
252697
252702
252703
252725
252732
252759
252765
252767
252774
252930
252935
252946
252951
252954
252955
252958
252961
252964
252968
252975
252982
252986
253129
253149
253187
253191
253302
253383
253403
253407
253426
253429
253433
253498
253503
253574
253597
253603
253616
253620
253636
253637
253654
253658
253662
253663
253665
253736
253740
253755
253763
253772
253791
253796
253817
253855
253894
253927
253967
254016
254020
254029
254031
254034
254048
254056
254061
254083
254155
254232
254248
254327
254360
254370
254419
254440
254449
254451
254498
254502
254503
254504
254505
254512
254641
254656
254677
254690
254763
254840
254845
254852
254857
254867
254925
255082
255087
255162
255258
255309
255313
255324
255373
255400
255425
255443
255503
255527
255542
255570
255597
255606
255614
255622
255641
255690
255717
255727
255749
255751
255828
255835
255839
255855
255901
256150
256577
256711
256713
256795
257062
257080
257084
257093
257094
257122
257146
257154
257157
257158
257164
257165
257189
257192
257193
257240
257275
257281
257284
257299
257326
257330
257334
257339
257352
257353
257354
257355
208659
249415
249417
249487
252493
252497
252503
252569
252594
252625
252635
252639
252645
252649
252650
252802
252804
252839
252897
252937
252996
253002
253003
253064
253086
253098
253152
253294
253350
253417
253420
253430
253519
253521
254907
256680
257195
257387
257477
257480
257481
257482
257483
257484
257485
257486
257487
257488
257489
257490
257491
257492
257493
257495
257497
248428
252410
252411
252842
253186
253190
253201
253206
253218
253221
253232
253238
253250
253253
253258
253261
253263
253264
253267
253281
253283
253289
253293
253298
253303
253306
253308
253312
253319
253326
253327
253341
253362
254261
254483
255131
255577
255676
255914
193068
201805
244745
245514
247274
247635
248040
248721
248736
249270
249501
249870
250528
250748
250935
250971
251079
251097
251299
251429
251494
251542
251543
251555
251793
251896
251941
252000
252066
252204
252205
252206
252211
252269
252301
252392
252405
252406
252409
252412
252413
252417
252442
252448
252484
252513
252611
252663
252719
252726
252741
252761
252770
252771
252801
252867
252873
252874
252875
252880
252881
252894
252895
252905
252919
252922
252925
252928
252929
252933
252939
252957
252962
252965
252970
252974
252978
252985
252994
252999
253001
253014
253018
253021
253023
253030
253034
253070
253080
253124
253135
253167
253188
253189
253198
253208
253209
253216
253225
253226
253234
253237
253244
253246
253252
253257
253259
253268
253285
253288
253291
253304
253305
253310
253313
253318
253322
253323
253328
253329
253331
253332
253333
253335
253336
253337
253340
253344
253345
253347
253351
253356
253364
253367
253369
253372
253387
253390
253405
253409
253410
253414
253419
253431
253434
253438
253439
253441
253446
253447
253448
253464
253465
253487
253489
253525
253563
253571
253599
253619
253621
253623
253628
253633
253634
253642
253643
253644
253677
253688
253693
253702
253713
253717
253767
253777
253784
253825
253840
253852
253876
253885
253915
253925
253928
253930
253932
253936
253937
253939
253944
253956
253958
253959
253974
253991
254340
254369
254390
254439
254456
254478
254510
254515
254518
254645
254665
254687
254705
254706
254713
254723
254726
254731
254734
254752
254755
254756
254759
254764
254770
254774
254777
254785
254788
254789
254792
254793
254797
254801
254805
254807
254809
254813
254816
254818
254821
254823
254828
254829
254833
254836
254837
254843
254847
254848
254851
254855
254860
254861
254866
254882
254884
254895
254905
254909
254915
254919
254996
255057
255061
255066
255067
255069
255073
255077
255166
255168
255178
255191
255263
255264
255265
255266
255267
255268
255269
255271
255272
255273
255274
255275
255277
255278
255280
255281
255282
255283
255291
255429
255489
255531
255545
255573
255742
255788
255795
255799
255800
255801
255802
255803
255804
255846
255899
255910
255926
255937
255939
255942
255944
255947
255949
255954
255956
255957
255960
255969
255971
255974
255975
255982
255997
256018
256021
256053
256056
256058
256059
256062
256064
256066
256069
256072
256079
256080
256087
256088
256089
256091
256095
256096
256097
256099
256102
256104
256130
256131
256136
256141
256144
256146
256148
256165
256450
256709
256710
256715
256717
256784
256790
256939
256966
257002
257007
257018
257027
257029
257069
257073
257076
257081
257145
257250
257252
257338
257348
257370
257395
257415
257498
257499
257500
257501
249148
249842
250277
251572
251651
251929
251931
252555
252812
252938
253212
253480
253607
253617
253686
253795
253830
253857
253890
253941
253942
254000
254058
254072
254089
254124
254133
254136
254138
254144
254265
254373
254388
254392
254804
254839
254876
254945
254962
254976
255009
255021
255064
255079
255080
255091
255102
255103
255107
255111
255115
255164
255167
255174
255330
255336
255350
255355
255361
255377
255406
255430
255450
255493
255539
255566
255737
256051
256156
256739
256744
256750
256756
256789
256793
256794
256896
256930
256934
256943
257009
257021
257028
257032
257035
257060
257103
257140
257204
257205
257365
257376
257378
257458
257459
257460
257461
184973
190350
191963
199980
201448
222988
222999
224253
225839
250895
250995
251002
251138
251139
251187
251655
252572
252794
252891
252960
252984
253079
253229
253243
253245
253248
253254
253256
253260
253262
253265
253266
253269
253270
253277
253280
253570
253576
253579
253585
253601
253608
253615
253618
253622
253624
253639
253648
253649
253653
253655
253661
253664
253681
253689
253690
253692
253696
253699
253701
253705
253710
253712
253714
253718
253722
253726
253730
253734
253752
253756
253760
253769
253775
253776
253782
253789
253790
253798
253810
253822
253828
253835
253837
253838
253846
253850
253853
253854
253880
253886
253896
253919
253921
253938
253945
253946
254050
254065
254123
254252
254258
254282
254283
254284
254287
254288
254297
254302
254304
254336
254417
254585
254611
254751
254800
254808
254924
254927
254929
255018
255236
255333
255344
255358
255359
255360
255367
255378
255396
255402
255523
255530
255537
255585
255588
255919
256038
256057
256070
256071
256700
256706
256767
256786
256787
256792
256796
256899
257011
257013
257014
257015
257016
257053
257077
257087
257088
257096
257110
257129
257131
257162
257163
257169
257174
257176
257179
257181
257186
257309
257314
257340
257377
257464
257465
257494
199698
199780
248776
248957
249163
249339
250245
250571
250993
251088
251282
251284
251434
251624
251971
251980
252014
252147
252154
252215
252365
252366
252367
252368
252459
252460
252461
252462
252463
252464
252465
252466
252505
252539
252540
252541
252542
252743
252764
252778
252785
252789
252799
252803
252805
252807
252811
252813
252826
252849
252858
252871
252883
252926
253053
253054
253055
253057
253058
253059
253072
253083
253158
253171
253202
253311
253348
253556
253560
253561
253581
253584
253586
253600
253629
253645
253667
253676
253679
253680
253683
253685
253694
253707
253720
253725
253741
253742
253743
253882
253966
253976
253981
253992
254001
254007
254013
254017
254032
254044
254047
254081
254093
254097
254098
254127
254132
254146
254156
254159
254161
254163
254164
254167
254177
254180
254184
254186
254190
254191
254202
254210
254217
254218
254222
254225
254227
254233
254236
254237
254238
254242
254243
254244
254246
254247
254249
254251
254256
254260
254262
254280
254289
254292
254296
254300
254319
254321
254332
254338
254339
254346
254348
254351
254355
254356
254358
254359
254362
254363
254365
254366
254367
254371
254378
254379
254380
254381
254393
254400
254406
254407
254415
254481
254493
254508
254537
254660
254663
254708
254710
254737
254765
254771
255151
255171
255192
255210
255224
255279
255292
255306
255325
255329
255349
255366
255431
255472
255550
255556
255635
255642
255745
255824
255831
255880
255884
255891
255896
255917
255925
256055
256077
256138
256151
256159
256224
256798
256799
257048
257050
257099
257104
257107
257111
257118
257119
257218
257220
257230
257238
257239
257259
257276
257286
257331
257335
257336
257436
257463
185131
185666
194083
197965
197966
197979
220559
227082
242160
244338
248978
249049
249979
251036
251326
251328
251508
251636
251824
251947
252002
252155
252419
252446
252450
252467
252468
252469
252470
252471
252715
252717
252718
252720
252722
252723
252724
252729
252731
252738
252740
252791
252879
252888
252991
253088
253094
253108
253110
253112
253114
253119
253132
253224
253309
253401
253675
253684
253697
253698
253744
253750
253766
253771
253794
253801
253807
253812
253834
253844
253866
253874
253888
253920
253922
253972
253993
253998
254006
254010
254025
254027
254030
254063
254092
254096
254122
254182
254220
254224
254228
254231
254263
254310
254314
254325
254328
254334
254377
254397
254398
254414
254453
254475
254476
254482
254484
254487
254490
254492
254497
254507
254509
254511
254514
254520
254536
254538
254586
254612
254625
254628
254629
254676
254678
254686
254697
254701
254720
254724
254733
254735
254742
254747
254750
254753
254760
254773
254775
254779
254780
254781
254784
254786
254787
254791
254796
254811
254812
254819
254824
254854
254868
254870
254873
254874
254893
254912
254914
254921
254930
254931
254933
254936
254938
254944
254961
254965
254966
254969
254970
254973
254975
254977
254978
254983
254986
254988
254993
254994
254997
255001
255003
255004
255006
255007
255011
255012
255014
255015
255016
255020
255023
255027
255035
255038
255039
255043
255044
255048
255049
255052
255054
255063
255068
255084
255086
255088
255092
255093
255095
255096
255098
255101
255105
255113
255114
255117
255118
255128
255208
255216
255222
255227
255230
255234
255235
255289
255295
255297
255302
255303
255305
255307
255308
255310
255311
255314
255316
255317
255319
255322
255326
255328
255331
255338
255393
255398
255401
255413
255414
255417
255433
255518
255543
255546
255547
255548
255561
255572
255591
255605
255656
255732
255773
255836
255838
255840
255909
255921
255998
256026
256222
256435
256689
256694
256695
256698
256718
256720
256722
256724
256726
256729
256732
256736
256757
256758
256760
256762
256788
256824
256825
256829
256831
256838
256885
256897
256898
256900
256901
256902
256903
256904
256905
256906
256907
256908
256909
256910
256911
256912
256913
256916
256917
256918
256924
256927
256929
256932
256933
256935
256936
256940
256941
256942
256944
256945
256948
256950
256951
256953
256957
256959
256960
256961
256962
256964
256967
256968
256971
256973
256975
256976
256977
256978
256993
257037
257038
257051
257052
257055
257123
257153
257173
257180
257202
257295
257297
257298
257301
257305
257307
257311
257319
257341
257366
257367
257379
257380
257381
257382
257383
257384
257385
257386
257388
257398
188118
189671
207730
208181
211779
214566
222782
249952
250085
250177
250369
251111
252201
252495
253045
253048
253134
253155
253165
253204
253391
253567
253575
253577
253687
253691
254293
254468
254844
254856
254858
254865
254869
254872
254879
254922
254932
255130
255132
255213
255219
255231
255290
255296
255298
255304
255327
255332
255335
255340
255353
255365
255368
255374
255376
255380
255381
255384
255388
255395
255404
255405
255408
255411
255412
255420
255422
255440
255442
255444
255451
255460
255465
255474
255479
255482
255487
255490
255498
255510
255525
255532
255551
255589
255590
255592
255595
255596
255602
255604
255607
255608
255609
255610
255618
255619
255624
255626
255628
255630
255632
255634
255636
255638
255639
255640
255644
255646
255648
255649
255650
255651
255653
255655
255658
255659
255661
255662
255663
255664
255665
255666
255667
255669
255671
255673
255674
255684
255691
255692
255693
255696
255701
255702
255704
255705
255707
255708
255709
255713
255714
255715
255716
255728
255734
255738
255741
255744
255747
255750
255790
255791
255792
255793
255794
255796
255797
255798
255809
255811
255813
255815
255819
255822
255823
255826
255833
255837
255844
255853
255854
255860
255866
255869
255875
255876
255879
255885
255920
255953
256094
256164
256576
256773
256774
256776
256777
256778
256779
256818
256820
256821
256980
256984
256987
256997
257125
257414
252400
252844
252966
253046
253164
253912
254342
254640
254649
254702
254716
254885
254889
254891
254894
255017
255047
255051
255140
255179
255321
255339
255348
255356
255437
255449
255452
255470
255512
255827
255886
255892
255895
256024
256027
256030
256032
256037
256039
256041
256043
256045
256047
256048
256052
256063
256067
256093
256098
256108
256111
256114
256118
256120
256714
256716
256737
257361
257364
209785
217818
237776
245525
249078
249535
250360
250957
251087
251387
252008
252098
252231
252248
252388
252454
252558
252559
252560
252561
252746
252747
252748
252763
252775
252779
252780
252782
252783
252786
252942
252952
252971
253087
253091
253092
253213
253222
253228
253276
253279
253287
253296
253397
253402
253716
253759
253761
253764
253768
253808
253811
253819
253829
253841
253851
253858
253859
253875
253935
253986
253988
253996
254160
254162
254166
254168
254172
254179
254181
254185
254187
254192
254194
254196
254198
254204
254207
254223
254226
254229
254323
254326
254383
254389
254391
254396
254469
254494
254499
254694
254721
254749
254754
254810
254814
254825
254850
254880
254908
254926
254934
254942
254957
254964
254971
254979
254991
255000
255144
255318
255351
255364
255375
255387
255392
255397
255419
255454
255461
255467
255471
255509
255511
255514
255516
255533
255536
255540
255558
255559
255562
255563
255564
255580
255599
255668
255710
255720
255724
255729
255730
255753
255770
255778
255781
255783
255805
255848
255850
255851
255852
255856
255861
255864
255868
255871
255872
255882
255934
255936
255952
255958
255968
255981
255986
255996
255999
256002
256004
256005
256011
256022
256023
256028
256029
256034
256050
256061
256065
256083
256084
256085
256090
256092
256105
256106
256107
256112
256116
256117
256123
256124
256125
256126
256129
256132
256143
256155
256160
256163
256166
256167
256168
256169
256170
256171
256172
256173
256174
256175
256176
256177
256178
256179
256180
256181
256182
256183
256184
256185
256186
256187
256188
256189
256190
256191
256192
256193
256194
256195
256196
256197
256198
256199
256200
256201
256202
256203
256204
256205
256206
256207
256208
256209
256210
256211
256212
256213
256214
256215
256216
256217
256218
256219
256220
256225
256226
256227
256228
256229
256230
256231
256232
256233
256234
256235
256236
256237
256238
256239
256240
256241
256242
256243
256244
256245
256247
256248
256249
256250
256251
256252
256253
256254
256255
256256
256257
256258
256259
256260
256261
256262
256263
256264
256265
256266
256267
256268
256269
256270
256271
256272
256273
256274
256275
256276
256277
256278
256279
256280
256281
256282
256283
256284
256285
256286
256287
256288
256289
256290
256291
256292
256293
256294
256295
256296
256297
256298
256299
256300
256301
256302
256303
256304
256305
256306
256307
256308
256309
256310
256311
256312
256313
256314
256315
256316
256317
256318
256319
256320
256321
256322
256323
256324
256325
256326
256327
256328
256329
256330
256331
256332
256333
256334
256335
256336
256337
256338
256339
256340
256341
256342
256343
256344
256345
256346
256347
256348
256349
256350
256351
256352
256353
256354
256355
256356
256357
256358
256359
256360
256361
256362
256363
256364
256365
256366
256367
256368
256369
256370
256371
256372
256373
256374
256375
256376
256377
256378
256379
256380
256381
256382
256383
256384
256385
256386
256387
256388
256389
256390
256391
256392
256393
256394
256395
256396
256397
256398
256399
256400
256401
256402
256403
256404
256405
256406
256407
256408
256409
256410
256411
256412
256413
256414
256415
256416
256417
256418
256419
256420
256421
256422
256423
256424
256425
256426
256427
256428
256429
256430
256431
256432
256434
256436
256438
256439
256440
256441
256442
256443
256444
256445
256446
256447
256448
256449
256451
256452
256453
256454
256455
256456
256457
256458
256459
256460
256461
256462
256463
256464
256465
256466
256467
256468
256469
256470
256471
256472
256473
256474
256475
256476
256477
256478
256479
256480
256481
256482
256483
256484
256485
256486
256487
256488
256489
256490
256491
256492
256493
256494
256495
256496
256497
256498
256499
256500
256501
256502
256503
256504
256505
256506
256507
256508
256509
256510
256511
256512
256513
256514
256515
256516
256517
256518
256519
256520
256521
256522
256523
256524
256525
256526
256527
256528
256529
256530
256531
256532
256533
256534
256535
256536
256537
256538
256539
256540
256541
256542
256543
256544
256545
256546
256547
256548
256549
256550
256551
256552
256553
256554
256555
256556
256557
256558
256559
256560
256561
256562
256563
256564
256565
256566
256567
256568
256569
256570
256571
256578
256579
256580
256581
256582
256583
256584
256585
256586
256588
256589
256590
256591
256592
256593
256594
256595
256596
256597
256598
256599
256600
256601
256602
256603
256604
256605
256606
256607
256608
256609
256610
256611
256612
256613
256614
256615
256616
256617
256618
256619
256620
256621
256622
256623
256624
256625
256626
256627
256628
256629
256630
256631
256632
256633
256634
256635
256636
256637
256638
256639
256640
256641
256642
256643
256644
256645
256646
256647
256648
256649
256650
256651
256652
256653
256654
256655
256656
256657
256658
256659
256660
256661
256662
256663
256664
256665
256666
256667
256668
256669
256670
256671
256672
256673
256674
256675
256676
256677
256678
256679
256681
256682
256683
256684
256685
256686
256687
256688
256691
256693
256697
256699
256701
256702
256707
256719
256740
256742
256752
256759
256780
256781
256782
256783
256785
256856
256915
256928
256955
256988
257004
257010
257012
257023
257083
257124
257147
257148
257207
257257
257258
257272
257293
257313
257346
257356
257358
257363
257368
257399
257417
257420
249506
249838
249924
250000
251467
251504
251518
251901
251903
251905
251956
251962
251964
251965
251982
251986
251988
251989
251990
252132
252135
252143
252352
252633
252707
252708
252709
252710
252711
252712
252713
252714
252752
253864
253978
254002
254057
254066
254071
254079
254082
254086
254090
254095
254188
254452
254506
254745
255024
255032
255033
255508
255951
257359
252046
252345
253127
253877
253962
254100
254117
254126
254129
254143
254147
254681
254715
254725
254822
254826
254835
254838
254888
254955
255180
255652
255755
255915
255935
255943
255963
255988
257167
257185
257208
257344
171000
222830
249846
250082
251458
251530
251536
252772
253865
253867
253868
253869
253870
253955
254667
254960
255399
255410
255415
255416
255423
255426
255428
255438
255445
255453
255458
255464
255473
255478
255481
255488
255504
255507
255515
255519
255520
255557
255689
255832
255966
256981
256982
256992
257261
257304
257310
257351
183069
190687
241820
243321
243358
244426
244435
245583
250332
250683
250689
251297
252374
252751
252758
252903
252904
253609
253625
253682
253964
254743
254958
254987
254992
255026
255036
255045
255072
255083
255259
255315
255382
255389
255900
256115
256704
256826
256828
256832
256834
256835
256836
256837
256926
256931
256937
256947
256952
256954
256956
256958
256969
256970
256974
256998
257003
257005
257020
257024
257030
257036
257041
257043
257044
257046
257061
257065
257097
257101
257112
257114
257130
257142
257152
257166
257187
257194
257211
257215
257216
257221
257222
257224
257225
257226
257228
257235
257274
257282
257283
257315
254205
255962
256016
256763
256764
256765
256769
256772
257042
257095
257105
257128
257141
257149
257150
257183
257419
254598
254999
255170
255172
256074
257117
257190
257296
257345
241819
244664
247096
252418
252753
252754
252755
252756
252798
253073
253172
253173
253656
253751
253900
253975
253999
254175
254501
254695
254782
254806
254827
254841
254849
254862
254864
254877
254878
254887
254901
254902
254903
254920
254928
254937
254943
254947
254948
254952
255386
255439
255578
255694
255863
255976
256075
256076
256690
256721
256876
256877
256878
257031
257109
257126
257133
257156
257161
257196
257209
257214
257266
257267
257268
257269
257277
257288
257308
257329
257332
257333
257347
257390
257391
257393
257394
257396
257397
257400
257401
257402
257403
257404
257405
257406
257407
257408
257409
257410
257411
257412
243800
245794
250240
250395
250981
251018
251419
251511
251911
252429
252610
253659
253695
253856
253862
253863
254021
254022
254023
254644
254722
254941
255099
255394
255670
255845
257082
257191
257320
257343
257357
257422
244846
246907
249464
250059
250329
250374
250394
250803
250958
250997
251062
251375
251423
251424
251609
251760
251770
251913
252181
252252
252261
252485
252674
252681
252735
252822
252843
252936
252972
252977
252995
252998
253143
253242
253299
253301
253307
253315
253398
253413
253423
253466
253469
253700
253989
254024
254076
254279
254305
254341
254413
254614
254657
254658
254661
254675
254682
254693
254783
254911
254954
255139
255155
255165
255189
255190
255193
255220
255221
255300
255341
255427
255486
255560
255565
255631
255647
255660
255685
255857
255918
255945
255973
256073
256122
256127
256134
256142
256153
256221
256433
256692
256708
256712
256879
256883
257019
257045
257135
257139
257144
257172
257175
257178
257248
257254
257285
257416
257418
250365
250829
250989
251481
252414
252828
253963
254108
254662
254689
255104
255135
255225
255352
257306
242934
242935
249341
249863
251512
252432
252491
252499
253365
253813
254040
254053
254110
254372
254820
255133
255357
255938
257066
257260
257265
257316
250806
249864
251426
251979
252892
253428
253467
253468
254111
254477
255085
255109
255390
255617
255821
256743
256761
257270
242874
251063
251475
251935
253215
253916
253983
254059
254104
254112
254113
254114
254115
254116
254134
254170
254272
254273
254832
254842
254946
254950
254968
254995
255008
255028
255037
255041
255046
255050
255206
255211
255598
255955
256042
256161
257188
252601
252613
257362
249153
255524
256745
257421
248779
251013
252659
252666
253239
253733
254416
254834
255620
255645
255654
255812
255870
255991
256748
257244
254285
254294
254349
255160
242140
252271
255154
255299
252690
252830
252831
252832
252833
252834
252850
252851
252852
252853
252854
252855
252943
252944
252945
252947
252948
252949
253174
253175
253640
253651
253831
254148
254347
254399
255153
255447
255808
257000
257040
257159
257251
257253
257255
257256
252404
252549
253118
254739
255181
255301
251057
251533
253163
253380
253381
254714
254719
245473
249466
249521
250043
250051
250055
250381
250687
250750
250986
251534
251694
253613
254149
254150
254151
254153
254154
254277
254617
254990
255637
255725
255806
255807
255810
255814
255825
255867
255877
255881
256154
256754
257121
257324
249448
249602
251022
254418
254886
256946
257198
257456
257457
257462
249201
254043
254274
254275
254276
254311
254312
254316
254317
254940
255463
257079
257349
252260
252393
253678
253952
253953
254303
254318
254664
255075
255078
255116
255188
255890
256036
256575
256753
257168
257323
254653
240665
252818
252866
255933
256044
256060
256103
256741
256751
251007
253020
253153
253482
254335
255495
257177
244711
251041
251469
254014
254679
255108
257143
257210
257234
251548
255196
255858
257342
250044
253399
253780
254320
254817
255089
255094
255097
255217
255457
255849
257321
242668
249338
249982
250304
251102
251199
251510
251897
251927
252391
252449
252557
252838
253109
253593
253871
253951
253957
253960
254085
254454
254455
254457
254459
254460
254461
254462
254463
254646
254803
255122
255156
255183
255185
255432
255456
255469
255567
255581
255675
255679
255681
255697
255924
256110
257085
257098
257200
257201
257203
257289
257322
254139
255136
255369
257033
257312
257337
249345
251659
255173
248018
256081
249610
252402
254464
254465
254470
255058
257092
257206
251077
251189
251252
253564
255873
252795
252800
255961
252870
252920
253247
250272
251425
252086
255834
251016
253746
255184
255574
256703
257325
252408
254078
254130
255967
255977
255983
256020
249363
253910
253913
253914
255372
256007
247630
251226
251532
251327
251924
251950
254466
255076
255199
255204
255499
248964
252823
254730
255187
255121
251304
251329
252397
252923
254672
255141
250249
254916
254917
255120
255146
255186
251379
253210
254691
254692
257302
253043
253044
253965
253970
254709
254717
255169
251303
252567
253211
254699
255025
255485
255594
255820
256049
256086
250040
250060
250066
250076
251968
255403
255502
245397
250393
251099
251100
251969
251970
252395
255816
251531
253042
253120
253159
253723
255786
257300
252932
249882
253162
254890
257108
252415
255129
255161
255175
249620
255407
251241
251261
251590
255575
255912
254798
257318
251298
252117
252921
255150
255194
255232
255233
255284
255285
255370
255484
255496
255841
255843
255177
255576
257360
254121
254142
257231
251431
254685
255124
255830
257303
255787
255789
252918
253704
251966
252398
252401
250078
236883
251081
253971
255362
250445
255616
251604
252455
254923
254871
248865
256101
251666
253500
253501
252258
251746
251497
252134
252827
